# Created by Octave 11.1.0, Fri Mar 13 16:59:19 2026 UTC
# name: Pint
# type: matrix
# rows: 7
# columns: 5
 9 17 -11 -35 -11
 -17 -71 2 96 42
 24 223 170 -116 -104
 229 -0 -327 0 142
 24 -223 170 116 -104
 -17 71 2 -96 42
 9 -17 -11 35 -11


